% Case saved by PowerWorld Simulator, version 20, build date March 18, 2019
function mpc = RTS_GMLC_Geo
mpc.version = '2';
mpc.baseMVA =  100.00;

%% bus data 
mpc.bus = [
101	2	108.00	22.00	0.00	0.00	1	1.0468000	-9.071981	138.00	11	1.100	0.900
102	2	97.00	20.00	0.00	0.00	1	1.0467000	-9.130926	138.00	12	1.100	0.900
103	2	180.00	37.00	0.00	0.00	1	1.0113173	-8.473112	138.00	11	1.100	0.900
104	2	74.00	15.00	0.00	0.00	1	1.0174649	-11.242260	138.00	11	1.100	0.900
105	1	71.00	14.00	0.00	0.00	1	1.0353896	-11.425989	138.00	11	1.100	0.900
106	1	136.00	28.00	0.00	-100.00	1	1.0324170	-13.655538	138.00	12	1.100	0.900
107	2	125.00	25.00	0.00	0.00	1	1.0500000	-4.494281	138.00	12	1.100	0.900
108	1	171.00	35.00	0.00	0.00	1	1.0167154	-9.844691	138.00	12	1.100	0.900
109	1	175.00	36.00	0.00	0.00	1	1.0266194	-8.957421	138.00	13	1.100	0.900
110	1	195.00	40.00	0.00	0.00	1	1.0499918	-10.701348	138.00	13	1.100	0.900
111	1	0.00	0.00	0.00	0.00	1	1.0270406	-4.580438	230.00	13	1.100	0.900
112	1	0.00	0.00	0.00	0.00	1	1.0196480	-2.894721	230.00	13	1.100	0.900
113	2	265.00	54.00	0.00	0.00	1	1.0346840	-0.500624	230.00	14	1.100	0.900
114	2	194.00	39.00	0.00	0.00	1	1.0441000	-3.044805	230.00	16	1.100	0.900
115	2	317.00	64.00	0.00	0.00	1	1.0427699	5.492727	230.00	16	1.100	0.900
116	2	100.00	20.00	0.00	0.00	1	1.0460911	5.336730	230.00	16	1.100	0.900
117	1	0.00	0.00	0.00	0.00	1	1.0483292	8.654701	230.00	17	1.100	0.900
118	2	333.00	68.00	0.00	0.00	1	1.0500000	9.470548	230.00	17	1.100	0.900
119	2	181.00	37.00	0.00	0.00	1	1.0397530	4.875971	230.00	15	1.100	0.900
120	1	128.00	26.00	0.00	0.00	1	1.0438934	6.350745	230.00	15	1.100	0.900
121	3	0.00	0.00	0.00	0.00	1	1.0500000	10.084186	230.00	17	1.100	0.900
122	2	0.00	0.00	0.00	0.00	1	1.0500000	16.035000	230.00	17	1.100	0.900
123	2	0.00	0.00	0.00	0.00	1	1.0500000	7.880305	230.00	15	1.100	0.900
124	1	0.00	0.00	0.00	0.00	1	1.0131972	0.356600	230.00	16	1.100	0.900
201	2	108.00	22.00	0.00	0.00	2	1.0500000	-13.128786	138.00	21	1.100	0.900
202	2	97.00	20.00	0.00	0.00	2	1.0500000	-13.168746	138.00	22	1.100	0.900
203	1	180.00	37.00	0.00	0.00	2	1.0185231	-9.634152	138.00	21	1.100	0.900
204	1	74.00	15.00	0.00	0.00	2	1.0152637	-14.947440	138.00	21	1.100	0.900
205	1	71.00	14.00	0.00	0.00	2	1.0334590	-15.447847	138.00	21	1.100	0.900
206	1	136.00	28.00	0.00	-100.00	2	1.0275327	-17.673914	138.00	22	1.100	0.900
207	2	125.00	25.00	0.00	0.00	2	0.9698998	-22.911055	138.00	22	1.100	0.900
208	1	171.00	35.00	0.00	0.00	2	0.9637664	-22.214855	138.00	22	1.100	0.900
209	1	175.00	36.00	0.00	0.00	2	1.0200480	-12.364420	138.00	23	1.100	0.900
210	1	195.00	40.00	0.00	0.00	2	1.0427881	-14.682741	138.00	23	1.100	0.900
211	1	0.00	0.00	0.00	0.00	2	1.0283510	-6.469149	230.00	23	1.100	0.900
212	2	0.00	0.00	0.00	0.00	2	1.0177889	-4.685652	230.00	23	1.100	0.900
213	2	265.00	54.00	0.00	0.00	2	1.0500000	-0.912038	230.00	24	1.100	0.900
214	2	194.00	39.00	0.00	0.00	2	1.0500000	-4.645482	230.00	26	1.100	0.900
215	2	317.00	64.00	0.00	0.00	2	1.0436738	4.230983	230.00	26	1.100	0.900
216	2	100.00	20.00	0.00	0.00	2	1.0473001	4.164675	230.00	26	1.100	0.900
217	1	0.00	0.00	0.00	0.00	2	1.0494208	7.575939	230.00	27	1.100	0.900
218	2	333.00	68.00	0.00	0.00	2	1.0500000	8.395277	230.00	27	1.100	0.900
219	1	181.00	37.00	0.00	0.00	2	1.0403603	3.929108	230.00	25	1.100	0.900
220	1	128.00	26.00	0.00	0.00	2	1.0440262	5.598358	230.00	25	1.100	0.900
221	2	0.00	0.00	0.00	0.00	2	1.0500000	9.005068	230.00	27	1.100	0.900
222	2	0.00	0.00	0.00	0.00	2	1.0500000	14.956110	230.00	27	1.100	0.900
223	2	0.00	0.00	0.00	0.00	2	1.0500000	7.234554	230.00	25	1.100	0.900
224	1	0.00	0.00	0.00	0.00	2	1.0165703	-0.897584	230.00	26	1.100	0.900
301	2	108.00	22.00	0.00	0.00	3	1.0266709	-25.980560	138.00	31	1.100	0.900
302	2	97.00	20.00	0.00	0.00	3	1.0275087	-26.068226	138.00	32	1.100	0.900
303	2	180.00	37.00	0.00	0.00	3	0.9692165	-19.523199	138.00	31	1.100	0.900
304	1	74.00	15.00	0.00	0.00	3	0.9742973	-26.131279	138.00	31	1.100	0.900
305	1	71.00	14.00	0.00	0.00	3	0.9952385	-26.947894	138.00	31	1.100	0.900
306	1	136.00	28.00	0.00	-100.00	3	0.9805173	-28.542014	138.00	32	1.100	0.900
307	2	125.00	25.00	0.00	0.00	3	0.9108493	-33.656519	138.00	32	1.100	0.900
308	2	171.00	35.00	0.00	0.00	3	0.9043874	-32.867831	138.00	32	1.100	0.900
309	2	175.00	36.00	0.00	0.00	3	0.9669652	-21.700519	138.00	33	1.100	0.900
310	2	195.00	40.00	0.00	0.00	3	0.9903881	-24.506306	138.00	33	1.100	0.900
311	1	0.00	0.00	0.00	0.00	3	0.9660330	-14.237249	230.00	33	1.100	0.900
312	2	0.00	0.00	0.00	0.00	3	0.9709575	-12.277464	230.00	33	1.100	0.900
313	2	265.00	54.00	0.00	0.00	3	1.0022592	-8.625493	230.00	34	1.100	0.900
314	2	194.00	39.00	0.00	0.00	3	0.9718352	-10.643105	230.00	36	1.100	0.900
315	2	317.00	64.00	0.00	0.00	3	1.0307198	0.924214	230.00	36	1.100	0.900
316	2	100.00	20.00	0.00	0.00	3	1.0284028	0.643410	230.00	36	1.100	0.900
317	2	0.00	0.00	0.00	0.00	3	1.0421834	4.595758	230.00	37	1.100	0.900
318	2	333.00	68.00	0.00	0.00	3	1.0500000	5.653524	230.00	37	1.100	0.900
319	2	181.00	37.00	0.00	0.00	3	1.0294679	0.230445	230.00	35	1.100	0.900
320	2	128.00	26.00	0.00	0.00	3	1.0402011	1.778756	230.00	35	1.100	0.900
321	2	0.00	0.00	0.00	0.00	3	1.0500000	6.332100	230.00	37	1.100	0.900
322	2	0.00	0.00	0.00	0.00	3	1.0500000	12.379387	230.00	37	1.100	0.900
323	2	0.00	0.00	0.00	0.00	3	1.0500001	3.340344	230.00	35	1.100	0.900
324	2	0.00	0.00	0.00	0.00	3	0.9794860	-6.405211	230.00	36	1.100	0.900
325	1	0.00	0.00	0.00	0.00	3	1.0491493	3.901058	230.00	35	1.100	0.900
];

%% generator data 
